419

11115511 55155515 5 5151555515, 55115511 650, 55155 5551551· 1151511155 111
31 51151115 1651. Ρ511515515 115555 5551515 511 ill¹¹¹⁰ sig* 55511555 115115
5551 1151111111 5511551511 habitanti in oro 51 argento pesato 15511 5511555515
5 5151555515, 551150, 5115 5555 515551155515 111 reali mille 5 555111555515.
Ε 1551115115 1 5155551151 1151111511 555515 15511 151115, 551 11 55511515515
1151 0555115515111111511), siano 55111 obligati i 155115515ιὶ 111 1151115151 5 5111 55-
511515 [15555515] 5 55155 publico per 115555111, 1155555551 151151151155-
5515 51 55551551] ordinarie.
Β5555 11511151, 55551555]
delle navi.

11151151. 511511, 155111 1111115115. 15 1115115 115515 Fr. Μ5155151, 5551 1658, 19 55-
1511115 leguntur expensae monasterii:

1⁰ 15611. 10 5.
51581111. 15 5. 55155515 1151 0555115.
3⁰ 6411. 161,

Summa . . 15153 1111155.

Δ 15 mimo 1551515 15 555551515 55511 15555515 5 55 5111151115 115 5111555 55
115 15 5551515 do 555 5551155 551 155 51555515 5111511555 11 0515111555, 15 chevalier
1151111 5111. 5155555515, 555115155 11555 5515151115 15 religion. 0. 115551, 5. 245.

XXXV. 1169-1661, 27. mensis 15511 [1511. XIV}

1155511151 115155151 testimonium pro 1555551115 5151551111 S. 155551181511.

Noi Franeesno Morosini, per 15 55155155155 Republica di'
Venetia 515. 5551155 generale.

Nello 5115155 5 progressi, 5115 151555 15111 11511 armi 5511115115 15 555-
sata campagna 15 queste 55111, 51 5555 1111511515 15 555115 151111115 5555 551
55551 1111115, 555 51 11555 1’ hospitio 1151 venerabile monasterio di S. (115-
55551 111 Ρ511515, habitato 115111 r. p. (1511511515 5 115151115 5515555551,
quali 555 animo 5155555515 1115515 5115151555515 5 55111151 55515551 5555
555551515555 15115115 5 555 1 mezzi possibili 5 suffragat 1515111155
1551515515 55115 155555 5115 1555551515 551 Gaudia 51 5555 1155551511 15 que-
515 15115555 115115 Sada, abbandonando gli 155511 5 15 55515555 1515, 15
1551155515 111 5115 1151115155 11115551515 1’ 511551551551 presenti. In quorum
1111551515.

111 galera 555115 55511551555551515. Suda, 27 maggio 1661.

1155555555] 1151[55151], 5551[155555].

1115111111 115551, 5555[51151155].
1151551. 511511. 5551 sigillo. 85551, 515. 9, p. 150.

27*

 

